%YAML:1.0

#--------------------------------------------------------------------------------------------
# Camera Parameters. Adjust them!
#--------------------------------------------------------------------------------------------

# Camera calibration and distortion parameters (OpenCV) 
Camera.fx: 1168.15215
Camera.fy: 1171.06889
Camera.cx: 971.92827
Camera.cy: 582.160880

Camera.k1: 0.0
Camera.k2: 0.0
Camera.p1: 0.0
Camera.p2: 0.0

Camera.width: 1920
Camera.height: 1200

# Camera frames per second 
# Camera.fps: 3.666667
Camera.fps: 22.0

# stereo baseline times fx
Camera.bf: 210.267387

# Color order of the images (0: BGR, 1: RGB. It is ignored if images are grayscale)
Camera.RGB: 1

# Close/Far threshold. Baseline times.
ThDepth: 35

#--------------------------------------------------------------------------------------------
# Stereo Rectification. Only if you need to pre-rectify the images.
# Camera.fx, .fy, etc must be the same as in LEFT.P
#--------------------------------------------------------------------------------------------
LEFT.height: 1200
LEFT.width: 1920
LEFT.D: !!opencv-matrix
   rows: 1
   cols: 5
   dt: d
   data: [-0.22692438138446802, 0.07414373891566585, -0.0005172660035024094, 0.00025801574676958687, 0.0]
LEFT.K: !!opencv-matrix
   rows: 3
   cols: 3
   dt: d
   data: [ 1168.15215, 0.0, 971.92827, 0.0, 1171.06889, 582.160880, 0.0, 0.0, 1.0]
LEFT.R: !!opencv-matrix
   rows: 3
   cols: 3
   dt: d
   data: [ 0.9999709891819796, -0.006502745501797872, -0.003966748713011786, 0.006462207230748911, 0.9999276249794322, -0.010148136809230381, 0.004032452370479922, 0.010122208451264367, 0.9999406383500717 ]
LEFT.P: !!opencv-matrix
   rows: 3
   cols: 4
   dt: d
   data: [ 1168.15215, 0.0, 971.92827, 0.0, 0.0, 1171.06889, 582.160880, 0.0, 0.0, 0.0, 1.0, 0.0 ]

RIGHT.height: 1200
RIGHT.width: 1920
RIGHT.D: !!opencv-matrix
   rows: 1
   cols: 5
   dt: d
   data: [-0.2257101256448458, 0.07265308483146982, 0.0003285158086240469, 0.00018964737418107665, 0.0]
RIGHT.K: !!opencv-matrix
   rows: 3
   cols: 3
   dt: d
   data: [ 1171.86560, 0.0, 955.7738, 0.0, 1174.69389, 583.43461, 0.0, 0.0, 1.0 ]
RIGHT.R: !!opencv-matrix
   rows: 3
   cols: 3
   dt: d
   data: [ 0.9999621463826717, -0.0010222683311791462, -0.00864064634268912, 0.0011097917297361235, 0.9999480688384014, 0.010130547303502898, 0.008629841486201672, -0.010139753143492641, 0.9999113516917947 ]
RIGHT.P: !!opencv-matrix
   rows: 3
   cols: 4
   dt: d
   data: [ 1171.86560, 0.0, 955.7738, -210.267387, 0.0, 1174.69389, 583.43461, 0.0, 0.0, 0.0, 1.0, 0.0 ]

#--------------------------------------------------------------------------------------------
# ORB Parameters
#--------------------------------------------------------------------------------------------

# ORB Extractor: Number of features per image
ORBextractor.nFeatures: 6000

# ORB Extractor: Scale factor between levels in the scale pyramid 	
ORBextractor.scaleFactor: 1.2

# ORB Extractor: Number of levels in the scale pyramid	
ORBextractor.nLevels: 13

# ORB Extractor: Fast threshold
# Image is divided in a grid. At each cell FAST are extracted imposing a minimum response.
# Firstly we impose iniThFAST. If no corners are detected we impose a lower value minThFAST
# You can lower these values if your images have low contrast			
ORBextractor.iniThFAST: 15
ORBextractor.minThFAST: 5

#--------------------------------------------------------------------------------------------
# Viewer Parameters
#--------------------------------------------------------------------------------------------
Viewer.KeyFrameSize: 0.05
Viewer.KeyFrameLineWidth: 1
Viewer.GraphLineWidth: 0.9
Viewer.PointSize: 2
Viewer.CameraSize: 0.08
Viewer.CameraLineWidth: 3
Viewer.ViewpointX: 0
Viewer.ViewpointY: -0.7
Viewer.ViewpointZ: -1.8
Viewer.ViewpointF: 500

