%YAML:1.0

#--------------------------------------------------------------------------------------------
# Camera Parameters. Adjust them!
#--------------------------------------------------------------------------------------------

# Camera calibration and distortion parameters (OpenCV) 
Camera.fx: 734.7890014648438
Camera.fy: 734.85400390625
Camera.cx: 930.3579711914062
Camera.cy: 606.3590087890625

Camera.k1: 0.0
Camera.k2: 0.0
Camera.p1: 0.0
Camera.p2: 0.0

Camera.width: 1920
Camera.height: 1200

# Camera frames per second 
Camera.fps: 5.0

# stereo baseline times fx
Camera.bf: 88.174680176

# Color order of the images (0: BGR, 1: RGB. It is ignored if images are grayscale)
Camera.RGB: 1

# Close/Far threshold. Baseline times.
ThDepth: 35

#--------------------------------------------------------------------------------------------
# Stereo Rectification. Only if you need to pre-rectify the images.
# Camera.fx, .fy, etc must be the same as in LEFT.P
#--------------------------------------------------------------------------------------------
LEFT.height: 1200
LEFT.width: 1920
LEFT.D: !!opencv-matrix
   rows: 1
   cols: 8
   dt: d
   data: [ 0.09892410039901733,0.023680400103330612,-0.00024898600531741977,0.00013742099690716714,-0.07324030250310898,0.09568709880113602,0.08876249939203262,-0.0969386026263237]
LEFT.K: !!opencv-matrix
   rows: 3
   cols: 3
   dt: d
   data: [ 734.7890014648438, 0.0, 930.3579711914062, 0.0, 734.85400390625, 606.3590087890625, 0.0, 0.0, 1.0]
LEFT.R: !!opencv-matrix
   rows: 3
   cols: 3
   dt: d
   data: [ 1.0, 0.0, 0.0, 0.0, 1.0, 0.0, 0.0, 0.0, 1.0 ]
LEFT.P: !!opencv-matrix
   rows: 3
   cols: 4
   dt: d
   data: [ 734.7890014648438,0.0,930.3579711914062,0.0,0.0,734.85400390625,606.3590087890625,0.0,0.0,0.0,1.0,0.0 ]

RIGHT.height: 1200
RIGHT.width: 1920
RIGHT.D: !!opencv-matrix
   rows: 1
   cols: 8
   dt: d
   data: [3.4357199668884277,3.0987699031829834,-0.00039031601045280695,-0.00003549599932739511,0.5744869709014893,3.436609983444214,3.1201300621032715,0.8477280139923096]
RIGHT.K: !!opencv-matrix
   rows: 3
   cols: 3
   dt: d
   data: [ 736.9929809570312,0.0,966.6320190429688,0.0,736.7880249023438,586.7379760742188,0.0,0.0,1.0 ]
RIGHT.R: !!opencv-matrix
   rows: 3
   cols: 3
   dt: d
   data: [0.99996018409729,0.008501766249537468,-0.002714897971600294,-0.008504924364387989,0.9999631643295288,-0.0011538221733644605,0.0027049884665757418,0.0011768662370741367,0.9999956488609314]
RIGHT.P: !!opencv-matrix
   rows: 3
   cols: 4
   dt: d
   data: [ 736.9929809570312,0.0,966.6320190429688,-88.174680176,0,736.7880249023438,586.7379760742188,0.0,0.0,0.0,1.0,0.0 ]

#--------------------------------------------------------------------------------------------
# ORB Parameters
#--------------------------------------------------------------------------------------------

# ORB Extractor: Number of features per image
ORBextractor.nFeatures: 6000

# ORB Extractor: Scale factor between levels in the scale pyramid 	
ORBextractor.scaleFactor: 1.2

# ORB Extractor: Number of levels in the scale pyramid	
ORBextractor.nLevels: 14

# ORB Extractor: Fast threshold
# Image is divided in a grid. At each cell FAST are extracted imposing a minimum response.
# Firstly we impose iniThFAST. If no corners are detected we impose a lower value minThFAST
# You can lower these values if your images have low contrast			
ORBextractor.iniThFAST: 15
ORBextractor.minThFAST: 7

#--------------------------------------------------------------------------------------------
# Viewer Parameters
#--------------------------------------------------------------------------------------------
Viewer.KeyFrameSize: 0.05
Viewer.KeyFrameLineWidth: 1
Viewer.GraphLineWidth: 0.9
Viewer.PointSize: 2
Viewer.CameraSize: 0.08
Viewer.CameraLineWidth: 3
Viewer.ViewpointX: 0
Viewer.ViewpointY: -0.7
Viewer.ViewpointZ: -1.8
Viewer.ViewpointF: 500

