# %YAML:1.0

#--------------------------------------------------------------------------------------------
# Camera Parameters. Adjust them!
#--------------------------------------------------------------------------------------------

# Camera calibration and distortion parameters (OpenCV) 
Camera.fx: 584.076075
Camera.fy: 585.534445
Camera.cx: 485.964135
Camera.cy: 291.08044

Camera.k1: 0.0
Camera.k2: 0.0
Camera.p1: 0.0
Camera.p2: 0.0

Camera.width: 960
Camera.height: 600

# Camera frames per second 
Camera.fps: 3.666667

# stereo baseline times fx
Camera.bf: 105.1336935

# Color order of the images (0: BGR, 1: RGB. It is ignored if images are grayscale)
Camera.RGB: 1

# Close/Far threshold. Baseline times.
ThDepth: 50.0

#--------------------------------------------------------------------------------------------
# Stereo Rectification. Only if you need to pre-rectify the images.
# Camera.fx, .fy, etc must be the same as in LEFT.P
#--------------------------------------------------------------------------------------------
LEFT.height: 600
LEFT.width: 960
LEFT.D: 
   rows: 1
   cols: 5
   dt: d
   data: [-0.22692438138446802, 0.07414373891566585, -0.0005172660035024094, 0.00025801574676958687, 0.0]
LEFT.K: 
   rows: 3
   cols: 3
   dt: d
   data: [ 584.076075, 0.0, 485.964135, 0.0, 585.534445, 291.08044, 0.0, 0.0, 1.0]
LEFT.R: 
   rows: 3
   cols: 3
   dt: d
   data: [ 0.9999709891819796, -0.006502745501797872, -0.003966748713011786, 0.006462207230748911, 0.9999276249794322, -0.010148136809230381, 0.004032452370479922, 0.010122208451264367, 0.9999406383500717 ]
LEFT.P: 
   rows: 3
   cols: 4
   dt: d
   data: [ 584.076075, 0.0, 485.964135, 0.0, 0.0, 585.534445, 291.08044, 0.0, 0.0, 0.0, 1.0, 0.0 ]

RIGHT.height: 600
RIGHT.width: 960
RIGHT.D: 
   rows: 1
   cols: 5
   dt: d
   data: [-0.2257101256448458, 0.07265308483146982, 0.0003285158086240469, 0.00018964737418107665, 0.0]
RIGHT.K: 
   rows: 3
   cols: 3
   dt: d
   data: [ 585.9328, 0.0, 477.8869, 0.0, 587.346945, 291.717305, 0.0, 0.0, 1.0 ]
RIGHT.R: 
   rows: 3
   cols: 3
   dt: d
   data: [ 0.9999621463826717, -0.0010222683311791462, -0.00864064634268912, 0.0011097917297361235, 0.9999480688384014, 0.010130547303502898, 0.008629841486201672, -0.010139753143492641, 0.9999113516917947 ]
RIGHT.P: 
   rows: 3
   cols: 4
   dt: d
   data: [ 585.9328, 0.0, 477.8869, -105.1336935, 0.0, 587.346945, 291.717305, 0.0, 0.0, 0.0, 1.0, 0.0 ]

#--------------------------------------------------------------------------------------------
# ORB Parameters
#--------------------------------------------------------------------------------------------

# ORB Extractor: Number of features per image
ORBextractor.nFeatures: 2000

# ORB Extractor: Scale factor between levels in the scale pyramid 	
ORBextractor.scaleFactor: 1.2

# ORB Extractor: Number of levels in the scale pyramid	
ORBextractor.nLevels: 8

# ORB Extractor: Fast threshold
# Image is divided in a grid. At each cell FAST are extracted imposing a minimum response.
# Firstly we impose iniThFAST. If no corners are detected we impose a lower value minThFAST
# You can lower these values if your images have low contrast			
ORBextractor.iniThFAST: 15
ORBextractor.minThFAST: 3

#--------------------------------------------------------------------------------------------
# Viewer Parameters
#--------------------------------------------------------------------------------------------
Viewer.KeyFrameSize: 0.05
Viewer.KeyFrameLineWidth: 1
Viewer.GraphLineWidth: 0.9
Viewer.PointSize: 2
Viewer.CameraSize: 0.08
Viewer.CameraLineWidth: 3
Viewer.ViewpointX: 0
Viewer.ViewpointY: -0.7
Viewer.ViewpointZ: -1.8
Viewer.ViewpointF: 500

