# %YAML:1.0

#--------------------------------------------------------------------------------------------
# Camera Parameters. Adjust them!
#--------------------------------------------------------------------------------------------

# Camera calibration and distortion parameters (OpenCV) 
Camera.fx: 1185.5722119627108
Camera.fy: 1188.6550790833562
Camera.cx: 958.7178584830114
Camera.cy: 583.796239998424

Camera.k1: 0.0
Camera.k2: 0.0
Camera.p1: 0.0
Camera.p2: 0.0

Camera.width: 1920
Camera.height: 1200

# Camera frames per second 
Camera.fps: 3.666667

# stereo baseline times fx
Camera.bf: 207.40956237415912

# Color order of the images (0: BGR, 1: RGB. It is ignored if images are grayscale)
Camera.RGB: 1

# Close/Far threshold. Baseline times.
ThDepth: 35

#--------------------------------------------------------------------------------------------
# Stereo Rectification. Only if you need to pre-rectify the images.
# Camera.fx, .fy, etc must be the same as in LEFT.P
#--------------------------------------------------------------------------------------------
LEFT.height: 1200
LEFT.width: 1920
LEFT.D: 
   rows: 1
   cols: 5
   dt: d
   data: [-0.23995055739038976, 0.11789557598743022, -0.00034445995373179935, 0.0001935813305037748,-0.035651530471380075]
LEFT.K: 
   rows: 3
   cols: 3
   dt: d
   data: [1185.5722119627108, 0.0, 958.7178584830114, 0.0, 1188.6550790833562, 583.796239998424,0.0, 0.0, 1.0]
LEFT.R: 
   rows: 3
   cols: 3
   dt: d
   data: [ 0.9999709891819796, -0.006502745501797872, -0.003966748713011786, 0.006462207230748911, 0.9999276249794322, -0.010148136809230381, 0.004032452370479922, 0.010122208451264367, 0.9999406383500717 ]
LEFT.P: 
   rows: 3
   cols: 4
   dt: d
   data: [1185.5722119627108, 0.0, 958.7178584830114, 0.0, 0.0, 1188.6550790833562, 583.796239998424,0.0, 0.0, 0.0, 1.0, 0.0]

RIGHT.height: 1200
RIGHT.width: 1920
RIGHT.D: 
   rows: 1
   cols: 5
   dt: d
   data: [-0.23747608941583895, 0.11591469338797104, -0.0003125792341321106, -3.087703531480585e-06,-0.03528673856564558]
RIGHT.K: 
   rows: 3
   cols: 3
   dt: d
   data: [1180.6064621300864, 0.0, 955.6059957500441, 0.0, 1183.5661158396545, 574.4116790697275,0.0, 0.0, 1.0]
RIGHT.R: 
   rows: 3
   cols: 3
   dt: d
   data: [ 0.9999621463826717, -0.0010222683311791462, -0.00864064634268912, 0.0011097917297361235, 0.9999480688384014, 0.010130547303502898, 0.008629841486201672, -0.010139753143492641, 0.9999113516917947 ]
RIGHT.P: 
   rows: 3
   cols: 4
   dt: d
   data: [1180.6064621300864, 0.0, 955.6059957500441, -207.40956237415912, 0.0, 1183.5661158396545, 574.4116790697275, 0.0, 0.0, 0.0, 1.0, 0.0]

#--------------------------------------------------------------------------------------------
# ORB Parameters
#--------------------------------------------------------------------------------------------

# ORB Extractor: Number of features per image
ORBextractor.nFeatures: 6000

# ORB Extractor: Scale factor between levels in the scale pyramid 	
ORBextractor.scaleFactor: 1.2

# ORB Extractor: Number of levels in the scale pyramid	
ORBextractor.nLevels: 14

# ORB Extractor: Fast threshold
# Image is divided in a grid. At each cell FAST are extracted imposing a minimum response.
# Firstly we impose iniThFAST. If no corners are detected we impose a lower value minThFAST
# You can lower these values if your images have low contrast			
ORBextractor.iniThFAST: 15
ORBextractor.minThFAST: 5

#--------------------------------------------------------------------------------------------
# Viewer Parameters
#--------------------------------------------------------------------------------------------
Viewer.KeyFrameSize: 0.05
Viewer.KeyFrameLineWidth: 1
Viewer.GraphLineWidth: 0.9
Viewer.PointSize: 2
Viewer.CameraSize: 0.08
Viewer.CameraLineWidth: 3
Viewer.ViewpointX: 0
Viewer.ViewpointY: -0.7
Viewer.ViewpointZ: -1.8
Viewer.ViewpointF: 500

